0 0
1 0.271208
2 0.393311
3 0.462738
4 0.509610
5 0.540094
6 0.561702
7 0.576689
8 0.590971
9 0.601583
10 0.610951
11 0.617406
12 0.623396
13 0.628995
14 0.633743
15 0.637737
16 0.642907
17 0.643894
18 0.647724
19 0.650298
20 0.652476
21 0.654427
22 0.656425
23 0.658449
24 0.660509
25 0.661227
26 0.663729
27 0.664391
28 0.664956
29 0.668620
30 0.666993
31 0.670667
32 0.670619
33 0.671697
34 0.673072
35 0.672961
36 0.673107
37 0.672398
38 0.674874
39 0.675469
40 0.674868
41 0.677083
42 0.677694
43 0.678077
44 0.678415
45 0.679290
46 0.678162
47 0.678212
48 0.680633
49 0.680498
